name = ""
title = "QuickSort vs HeapSort vs Insertion Sort"
x_label = "Depth"
y_label = "Time (microseconds)"
fontsize = 30

[[plots]]
label = "HeapSort"
x = [0, 1, 2, 3, 4, 5, 6, 7, 8, 9, 10, 11, 12, 13, 14, 15, 16, 17, 18, 19, 20, 21, 22, 23, 24]
y = [0.4020166500000002, 0.33569998333333334, 0.22016804999999998, 0.16148478333333333, 0.14261001666666667, 0.09019228333333329, 0.10100605000000003, 0.1000431333333333, 0.07440273333333329, 0.13041743333333336, 0.09257184999999998, 0.0995891, 0.09693413333333332, 0.16728398333333327, 0.14657395, 0.1427302, 0.17216930000000003, 0.1228315833333333, 0.09435140000000002, 0.10496618333333332, 0.08944510000000004, 0.09919816666666666, 0.10041830000000002, 0.10352128333333335, 0.11196418333333334]
type = "line"
size = 10

[[plots]]
label = "Insertion Sort"
x = [0, 1, 2, 3, 4, 5, 6, 7, 8, 9, 10, 11, 12, 13, 14, 15, 16, 17, 18, 19, 20, 21, 22, 23, 24]
y = [0.8714976, 1.1441040166666667, 0.5140986000000002, 0.06551776666666663, 0.0953433, 0.1014846, 0.0686309, 0.07554525, 0.09788141666666664, 0.13763735, 0.08669993333333334, 0.10305430000000002, 0.09747805, 0.1071301, 0.12364641666666669, 0.12654116666666668, 0.12825490000000003, 0.11303179999999999, 0.09168375, 0.09767761666666665, 0.08276433333333331, 0.09284216666666668, 0.09757513333333331, 0.08970048333333334, 0.18791329999999995]
type = "line"
size = 10

[[plots]]
label = "QuickSort"
x = [0, 1, 2, 3, 4, 5, 6, 7, 8, 9, 10, 11, 12, 13, 14, 15, 16, 17, 18, 19, 20, 21, 22, 23, 24]
y = [1.2582509666666666, 1.0330851833333334, 0.7199613833333334, 0.3985647, 0.5367207833333335, 0.2643164166666666, 0.22597300000000003, 0.2670346666666667, 0.2333655666666666, 0.4573942166666668, 0.4326537666666667, 0.2944026333333334, 0.20234861666666662, 0.10462523333333332, 0.11927503333333331, 0.12993335, 0.13741111666666667, 0.1078775, 0.09480041666666665, 0.09867463333333336, 0.08763645, 0.09452240000000002, 0.10891278333333333, 0.09124201666666669, 0.0928807]
type = "line"
size = 10
